A1 18.78746 [ 0.         64.2000004  64.79999936  0.          0.        ] 64.4999998781723
A1 18.78864 [ 0.          0.         64.19999936  0.         64.99999982] 64.1999993603239
A2 18.79969 [68.20000013 65.6000004  66.39999936  0.          0.        ] 66.73333329528008
A2 18.8007 [52.20000013 46.40000039 66.89999936  0.          0.        ] 55.16666662914591
A3 18.80637 [ 0.         64.8000004  64.69999936  0.          0.        ] 64.7499998781992
A3 18.80596 [54.80000013 65.0000004  64.59999936  0.          0.        ] 61.466666629534934
A3 18.80509 [ 0.         66.0000004  65.99999936  0.          0.        ] 65.99999987833326
A3 18.80703 [75.80000013 65.4000004  66.19999936  0.          0.        ] 69.13333329469451
A3 18.80738 [ 0.         65.2000004  65.49999936  0.         65.19999982] 65.3499998782635
B1 19.28735 [ 0.          0.         26.10000036 26.89999983  0.        ] 26.1000003615652
B1 19.28614 [26.29999989 26.69999948 25.10000036 25.89999983  0.        ] 26.033333243722964
B1 19.28565 [26.49999989 26.89999948 25.10000036  0.         26.69999992] 26.16666657705953
B1 19.28742 [ 0.         27.69999948 29.00000036  0.         27.49999992] 28.34999992277935
B2 19.30985 [ 0.         44.09999948  0.          0.         25.49999992] 44.0999994827156
B2 19.30582 [44.09999989  0.         26.70000036  0.          0.        ] 35.4000001247557
B2 19.3044 [ 0.          0.         26.60000036  0.          0.        ] 26.6000003616187
B2 19.30614 [45.69999989 26.49999948 26.20000036  0.         26.29999992] 32.79999991112796
B2 19.3077 [ 0.         34.29999948 28.70000036  0.          0.        ] 31.499999922568602
B2 19.30694 [ 0.          0.         25.80000036  0.         26.89999992] 25.8000003615331
B2 19.30648 [ 0.          0.         26.10000036 25.09999983  0.        ] 26.1000003615652
B2 19.30634 [ 0.          0.         25.40000036  0.          0.        ] 25.4000003614903
B2 19.31166 [25.49999989  0.         26.10000036 26.69999983  0.        ] 25.800000123723848
B2 19.31149 [26.69999989 26.69999948 26.30000036 27.29999983  0.        ] 26.566666577113434
C2 28.34072 [ 0.          0.         81.80000001  0.          0.        ] 81.80000001245489
C2 28.34284 [78.99999933 79.59999951 78.70000001  0.          0.        ] 79.09999961881606
C2 28.3444 [78.39999933  0.         80.10000001  0.          0.        ] 79.24999967188674
C2 28.3461 [78.79999933 90.79999951 81.40000001 78.59999995  0.        ] 83.66666628568511
C2 28.34423 [70.79999933 68.39999951 80.00000001 90.79999994  0.        ] 73.06666628514496
C4 28.35446 [ 0.          0.         83.10000001 81.79999995  0.        ] 83.10000001216187
C4 28.35596 [94.79999933  0.          0.         93.39999994  0.        ] 94.7999993299678
C4 28.35384 [ 0.          0.         77.00000001 82.99999995  0.        ] 77.0000000135368
C4 28.35276 [ 0.          0.         81.30000001 86.59999995  0.        ] 81.30000001256758
C4 28.35481 [ 0.         79.79999951 81.70000001  0.          0.        ] 80.74999976244672
C4 28.35599 [86.39999933 79.59999951 79.30000001 70.19999995  0.        ] 81.7666662852921
C4 28.35394 [ 0.          0.         82.00000001  0.          0.        ] 82.00000001240981
C4 28.35356 [70.39999933  0.         79.80000001 80.99999995  0.        ] 75.09999967215654
C5 28.35757 [84.99999933 80.79999951 81.10000001  0.          0.        ] 82.29999961856072
C5 28.35705 [ 0.         80.79999951 81.10000001  0.          0.        ] 80.94999976256808
C5 28.3557 [87.39999933  0.         79.20000001  0.          0.        ] 83.29999967172266
C5 28.35622 [95.99999933 72.99999951 78.90000001  0.         67.80000021] 82.63333295156352
C5 28.35712 [ 0.          0.         80.30000001  0.          0.        ] 80.30000001279299
C5 28.3566 [65.19999933 79.59999951 81.50000001  0.          0.        ] 75.43333295221039
C6 28.3631 [ 0.          0.         80.90000001 80.99999995 75.00000021] 80.90000001265774
C6 28.36258 [88.99999933  0.         81.00000001  0.          0.        ] 84.99999967147261
C6 28.36456 [ 0.          0.         78.90000001  0.          0.        ] 78.90000001310855
C6 28.35998 [82.59999933 67.99999951 79.10000001  0.          0.        ] 76.56666628496619
C6 28.36085 [ 0.          0.         79.40000001  0.          0.        ] 79.40000001299585
C6 28.36199 [ 0.         63.59999951 79.30000001 94.99999994  0.        ] 71.44999976184644
C6 28.36557 [ 0.         79.19999951 79.50000001 86.59999995  0.        ] 79.3499997626624
C6 28.36255 [88.79999933  0.         81.10000001  0.          0.        ] 84.94999967146724
C7 28.36448 [ 0.          0.         80.30000001 75.59999995  0.        ] 80.30000001279299
C8 28.38725 [ 0.          0.          0.         76.79999995  0.        ] nan
C9 28.40073 [77.39999933  0.         78.00000001 76.79999995  0.        ] 77.6999996721529
C9 28.40052 [79.59999933 76.39999951 77.80000001  0.          0.        ] 77.93333295209052
C9 28.39941 [63.79999933  0.         77.50000001  0.         77.20000021] 70.64999967261045
C9 28.39878 [ 0.          0.          0.          0.         78.60000021] nan
C9 28.39701 [77.39999933 73.99999951 76.70000001 77.39999995  0.        ] 76.03333295213044
C9 28.40118 [0. 0. 0. 0. 0.] nan
C9 28.39806 [79.99999933 79.59999951 76.30000001 77.79999995  0.        ] 78.63333295231003
C9 28.39726 [77.79999933 78.19999951 77.60000001 77.79999995  0.        ] 77.8666662855388
D1 28.52798 [ 0.         86.39999982 88.29999978  0.          0.        ] 87.34999980325875
D1 28.5267 [ 0.         85.99999982 86.79999978 76.19999992  0.        ] 86.39999980290725
D1 28.52771 [ 68.19999948  87.19999982  87.59999978 102.59999992   0.        ] 80.9999996939515
D1 28.52666 [ 0.         86.99999982 86.19999978  0.         87.19999976] 86.59999980282902
D1 28.52569 [  0.           0.          87.89999978 105.99999992 100.59999976] 87.899999784376
D3 28.54259 [ 84.19999948 100.99999982  84.79999978   0.           0.        ] 89.99999969460868
D3 28.54416 [ 0.          0.         84.69999978  0.          0.        ] 84.699999782968
D3 28.53926 [ 0.         72.39999982  0.         88.79999992  0.        ] 72.39999982046051
D3 28.54037 [90.19999948 85.99999982  0.         81.99999992  0.        ] 88.09999964992325
D5 28.56724 [ 0.          0.         87.39999978  0.          0.        ] 87.39999978415601
D5 28.56276 [ 0.          0.         86.39999978  0.          0.        ] 86.39999978371601
D5 28.56693 [91.79999948 84.59999982 84.29999978 89.19999992  0.        ] 86.89999969422001
D5 28.56324 [0. 0. 0. 0. 0.] nan
D5 28.5647 [ 0.          0.         85.29999978  0.         98.59999976] 85.29999978323201
D5 28.56463 [ 0.          0.         84.89999978  0.          0.        ] 84.899999783056
D6 28.55565 [72.39999948 88.39999982 88.19999978  0.          0.        ] 82.99999969423301
D6 28.55507 [ 0.         88.79999982  0.         86.39999992  0.        ] 88.7999998222235
D6 28.55527 [ 0.         81.59999982 87.79999978 74.19999992  0.        ] 84.69999980289076
D6 28.55899 [86.59999948  0.         84.19999978  0.          0.        ] 85.3999996301425
D8 28.56923 [ 0.          0.          0.         83.99999992  0.        ] nan
D8 28.5708 [ 0.          0.         88.89999978  0.          0.        ] 88.899999784816
D9 28.58939 [81.19999948 86.39999982 84.19999978  0.          0.        ] 83.93333302722334
D9 28.58877 [ 0.         86.39999982 86.29999978  0.          0.        ] 86.34999980281876
E1 28.64497 [ 0.         78.39999955 78.40000031  0.         78.40000064] 78.39999993210665
E2 28.64876 [ 0.          0.         81.30000031  0.          0.        ] 81.3000003136456
E2 28.64883 [ 0.          0.         78.70000031 91.40000047  0.        ] 78.7000003133674
F3 34.44489 [ 0.          0.         56.89999995  0.          0.        ] 56.89999994929394
F3 34.44461 [ 0.          0.         57.19999995  0.          0.        ] 57.19999994922632
F4 34.45975 [ 0.         58.00000008 59.69999995 64.80000021  0.        ] 58.85000001585641
F4 34.4584 [68.39999999 57.00000008 57.39999995  0.          0.        ] 60.93333334214274
F4 34.45812 [68.59999999 58.80000008 57.39999995  0.          0.        ] 61.60000000878117
H1 35.48076 [ 0.         45.19999981  0.          0.          0.        ] 45.1999998146065
H2 35.48347 [ 0.         45.99999981 45.69999977  0.         46.00000032] 45.84999979039456
H3 35.48853 [ 0.         59.19999982 44.29999977  0.          0.        ] 51.74999979126184
H3 35.48856 [42.80000021 42.59999981 42.49999977  0.          0.        ] 42.63333326364623
H3 35.48693 [ 0.         43.59999981  0.          0.          0.        ] 43.599999814434504
H4 35.48512 [ 0.          0.         44.59999977  0.         45.60000032] 44.59999976634456
H5 35.49632 [ 0.         45.59999981 44.49999977 42.59999936  0.        ] 45.049999790508295
H5 35.4957 [ 0.         44.99999981 44.79999977  0.         45.00000032] 44.89999979044224
H5 35.49611 [ 0.          0.         44.69999977  0.          0.        ] 44.69999976632202
H6 35.52338 [ 0.         46.59999981 46.99999977  0.          0.        ] 46.7999997902803
H6 35.52529 [ 0.          0.         45.89999977  0.          0.        ] 45.89999976605154
H6 35.52251 [ 0.         44.99999981 44.89999977  0.         45.00000032] 44.94999979043097
H6 35.52029 [ 0.          0.         45.09999977  0.          0.        ] 45.09999976623186
H6 35.52425 [ 0.         46.19999981 46.59999977  0.         46.40000032] 46.39999979030388
H6 35.52397 [37.40000021 44.59999981 44.69999977 54.99999936  0.        ] 42.233333263658814
H6 35.51908 [ 0.         47.39999981 47.69999977  0.          0.        ] 47.549999790244414
H6 35.52352 [ 0.         45.19999981 45.19999977  0.         45.20000032] 45.19999979040791
H6 35.52314 [45.00000021 45.19999981 45.29999977  0.          0.        ] 45.16666659681909
